Overall Accuracy: 0.993970
Macro F1-score : 0.994085

              precision    recall  f1-score   support

           0     1.0000    0.9600    0.9796        25
           1     0.9655    1.0000    0.9825        28
           2     1.0000    1.0000    1.0000        29
           3     1.0000    1.0000    1.0000        35
           4     1.0000    1.0000    1.0000        18
           5     1.0000    1.0000    1.0000        27
           6     1.0000    1.0000    1.0000        33
           7     1.0000    1.0000    1.0000        26
           8     1.0000    1.0000    1.0000        27
           9     1.0000    1.0000    1.0000        12
          10     1.0000    1.0000    1.0000        25
          11     1.0000    1.0000    1.0000        27
          12     0.9714    1.0000    0.9855        34
          13     1.0000    1.0000    1.0000        45
          14     1.0000    1.0000    1.0000        30
          15     1.0000    1.0000    1.0000        38
          16     0.9355    1.0000    0.9667        29
          17     1.0000    0.9310    0.9643        29
          18     1.0000    1.0000    1.0000        34
          19     1.0000    1.0000    1.0000        21
          20     1.0000    1.0000    1.0000        22
          21     1.0000    1.0000    1.0000        21
          22     1.0000    1.0000    1.0000        15
          23     1.0000    0.9697    0.9846        33
          24     1.0000    1.0000    1.0000        37
          25     1.0000    1.0000    1.0000        29
          26     0.9737    1.0000    0.9867        37
          27     1.0000    1.0000    1.0000        28
          28     1.0000    0.9583    0.9787        24
          29     0.9565    1.0000    0.9778        22
          30     1.0000    0.9737    0.9867        38
          31     1.0000    1.0000    1.0000        36
          32     1.0000    1.0000    1.0000        25
          33     1.0000    1.0000    1.0000        30
          34     1.0000    1.0000    1.0000        26

    accuracy                         0.9940       995
   macro avg     0.9944    0.9941    0.9941       995
weighted avg     0.9942    0.9940    0.9940       995
